254188	읍사무소앞	(128.6612037, 37.3794450)
254187	읍사무소앞	(128.6612137, 37.3793008)
254189	신용협동조합	(128.6634127, 37.3802526)
254194	농협	(128.6656223, 37.3798527)
254354	삼익주유소	(128.6665104, 37.3819472)
254195	삼익주유소	(128.6666813, 37.3821265)
256932	정선국민체육센터	(128.6707772, 37.3830404)
254310	봉양5리	(128.6711820, 37.3815783)
254423	봉양5리	(128.6713073, 37.3817038)
256931	정선국민체육센터	(128.6709813, 37.3831293)
254186	정선버스터미널	(128.6504835, 37.3789459)
256935	녹송경로당	(128.6708014, 37.3857525)
254306	용담교	(128.6496237, 37.3774458)
254422	용담교	(128.6496343, 37.3773646)
254355	봉양리	(128.6662270, 37.3894729)
254196	봉양리	(128.6661035, 37.3895547)
254309	신촌	(128.6730728, 37.3783597)
254424	애산1리.여성회관	(128.6713280, 37.3739092)
254307	애산1리.여성회관	(128.6714737, 37.3737822)
254283	애산리	(128.6712375, 37.3877955)
254304	주공아파트	(128.6455043, 37.3802978)
254305	주공아파트	(128.6453575, 37.3802986)
254311	돌다리	(128.6683711, 37.3956333)
254425	돌다리	(128.6684277, 37.3956510)
254197	납덕동	(128.6648131, 37.3994199)
254356	납덕동	(128.6649598, 37.3994101)
254403	신월1리	(128.6850159, 37.3693251)
254185	신월리	(128.6817953, 37.3652708)
254349	신월리	(128.6817027, 37.3650190)
254280	신월1리	(128.6860440, 37.3694002)
254199	내반점	(128.6709901, 37.4043499)
254281	오반동	(128.6911082, 37.3885008)
254404	오반동	(128.6911087, 37.3885459)
254198	내반점	(128.6716593, 37.4046615)
254312	덕송	(128.6813670, 37.4014611)
254426	덕송	(128.6813562, 37.4015242)
254184	신치	(128.6920213, 37.3601021)
254348	신치	(128.6920658, 37.3600298)
254315	문곡1반	(128.6783361, 37.4097956)
254282	오반동	(128.7002396, 37.3916279)
254351	봉양6리	(128.6190749, 37.3781416)
254192	봉양6리	(128.6190517, 37.3780697)
254190	생탄종점	(128.6219204, 37.3931479)
254183	월통	(128.7013562, 37.3696977)
254347	월통	(128.7013555, 37.3696166)
254191	동곡	(128.6238130, 37.3993735)
5004857	찜질방	(128.6192290, 37.3694273)
254452	동곡	(128.6237338, 37.3993559)
5004858	찜질방	(128.6191048, 37.3694279)
254411	군언	(128.6196912, 37.3666134)
254292	군언	(128.6195668, 37.3665870)
254314	문곡2반	(128.6850150, 37.4113429)
257007	문곡2반	(128.6849592, 37.4114153)
254200	외반점	(128.6658842, 37.4183187)
254357	외반점	(128.6659415, 37.4184085)
254202	야미	(128.6513575, 37.4224366)
254201	야미	(128.6514485, 37.4225082)
256991	다래뜰	(128.7028114, 37.4082016)
254313	다래뜰	(128.7029016, 37.4081830)
254421	노미	(128.6057672, 37.3857619)
254303	노미	(128.6056317, 37.3857626)
254287	상평	(128.6087826, 37.3634893)
256930	대촌	(128.7113863, 37.3606088)
256929	대촌	(128.7116902, 37.3605168)
254293	용탄1리	(128.6050749, 37.3909377)
254412	용탄1리	(128.6049954, 37.3908841)
255818	장승배기	(128.6565772, 37.4263094)
255816	장승배기	(128.6564755, 37.4263100)
254322	문화마을	(128.6497166, 37.4273476)
254434	문화마을	(128.6498526, 37.4274009)
254346	덕우리	(128.7151099, 37.3580542)
254182	덕우리	(128.7151883, 37.3579906)
254413	본동	(128.6013090, 37.3931196)
254294	본동	(128.6012408, 37.3930659)
254428	본동.솔동마을	(128.6591098, 37.4303592)
254429	남평.성결교회	(128.6622628, 37.4304136)
254316	본동.솔동마을	(128.6590878, 37.4304314)
254317	남평.성결교회	(128.6622295, 37.4304859)
254318	정선군농업기술센터	(128.6650374, 37.4311279)
254430	정선군농업기술센터	(128.6650268, 37.4312000)
254288	송단	(128.6003047, 37.3621270)
254289	송단	(128.6002588, 37.3620281)
254345	덕우삼거리	(128.7186765, 37.3556356)
254181	덕우삼거리	(128.7188007, 37.3556349)
254291	망하	(128.6044105, 37.3532663)
254431	남평2리	(128.6692053, 37.4334742)
254414	가메골입구	(128.5973020, 37.3976634)
254319	남평2리	(128.6691265, 37.4335106)
254295	가메골입구	(128.5972115, 37.3976459)
254320	다실마을	(128.6697451, 37.4357238)
254432	다실마을	(128.6698355, 37.4357233)
254296	용탄2리	(128.5953938, 37.4005836)
254415	용탄2리	(128.5953256, 37.4005299)
254435	신촌	(128.6524533, 37.4367218)
254323	신촌	(128.6523411, 37.4368125)
254284	귤암리	(128.6140480, 37.3363930)
254407	귤암리	(128.6138901, 37.3364029)
256941	새농촌	(128.5935164, 37.4031341)
256939	새농촌	(128.5934260, 37.4031256)
254402	배지름골	(128.7237649, 37.3506846)
254279	배지름골	(128.7237979, 37.3505943)
254358	나전리	(128.6485783, 37.4381398)
254203	나전리	(128.6485226, 37.4382303)
254433	한대골삼거리	(128.6702006, 37.4386407)
254321	한대골삼거리	(128.6702357, 37.4387757)
254416	월평	(128.5916322, 37.4048286)
254297	월평	(128.5915528, 37.4047930)
254290	여곡	(128.5869093, 37.3656276)
254324	나전1리	(128.6484233, 37.4411233)
254436	나전1리	(128.6484693, 37.4412131)
254417	월평	(128.5903367, 37.4067184)
254298	월평	(128.5902573, 37.4066738)
256949	하귤화	(128.6129910, 37.3313253)
256950	하귤화	(128.6129008, 37.3313258)
253989	광탄	(128.6663723, 37.3179341)
254400	돌목	(128.7303974, 37.3502202)
254277	돌목	(128.7304079, 37.3501391)
254205	북평1리	(128.6611924, 37.4448640)
254204	북평1리	(128.6613631, 37.4449982)
254299	월평	(128.5871258, 37.4092305)
254418	월평	(128.5870577, 37.4091857)
254206	북평1리	(128.6623310, 37.4470923)
255827	북평리	(128.6670762, 37.4469214)
255820	북평리	(128.6671780, 37.4469298)
254207	북평1리	(128.6625924, 37.4472620)
254146	낙동	(128.6910787, 37.3177020)
253990	낙동	(128.6911346, 37.3176386)
260675	낙동	(128.6909988, 37.3175944)
255857	북평종합버스터미널	(128.6660118, 37.4492341)
254208	북평종합버스터미널	(128.6661928, 37.4492511)
254276	장승배기	(128.7384029, 37.3493595)
254399	장승배기	(128.7384020, 37.3492693)
254147	선평	(128.7134942, 37.3233718)
253991	선평	(128.7137062, 37.3231182)
254408	수미	(128.6267087, 37.3145379)
254285	수미	(128.6266406, 37.3144932)
255860	북평리	(128.6706711, 37.4520732)
255858	북평리	(128.6705815, 37.4521728)
253992	낙동삼거리	(128.7148240, 37.3220121)
254180	낙동삼거리	(128.7150376, 37.3219297)
254419	회동	(128.5809576, 37.4164607)
254300	회동	(128.5808668, 37.4164161)
254209	북평초등학교	(128.6730535, 37.4543213)
254359	북평초등학교	(128.6729412, 37.4544030)
254398	상석항	(128.7453852, 37.3477747)
254275	상석항	(128.7454069, 37.3476845)
254420	회동2리	(128.5789151, 37.4182279)
254301	회동2리	(128.5789608, 37.4182997)
255870	북평초교삼거리	(128.6737070, 37.4553448)
255863	북평초교삼거리	(128.6740587, 37.4554960)
255865	북평초교삼거리	(128.6739923, 37.4556495)
254216	고양리	(128.7332325, 37.4314446)
255974	장열1리	(128.6761132, 37.4577099)
256121	장열1리	(128.6764077, 37.4577713)
254366	고양리	(128.7282761, 37.4376838)
254217	고양리	(128.7283896, 37.4377281)
255872	장열리	(128.6817044, 37.4572632)
253987	거칠현	(128.7186091, 37.3166546)
254145	거칠현	(128.7185744, 37.3165647)
254302	회동종점.가리왕산자연휴양림	(128.5758593, 37.4219283)
254212	북평5리	(128.6701413, 37.4598255)
254361	북평5리	(128.6702320, 37.4598520)
254326	부광주유소	(128.6305048, 37.4578274)
254438	부광주유소	(128.6306068, 37.4578539)
253988	영곡마을	(128.6801762, 37.2997883)
254327	나전2리	(128.6299201, 37.4622188)
254439	나전2리	(128.6300110, 37.4622814)
254397	석곡1리	(128.7605674, 37.3456775)
254274	석곡1리	(128.7606359, 37.3457491)
254213	장열	(128.6898202, 37.4646319)
254362	장열	(128.6900123, 37.4646308)
254286	하미종점	(128.6158086, 37.2991503)
256987	하미종점	(128.6157743, 37.2990874)
256972	가탄	(128.6378635, 37.2915180)
256973	가탄	(128.6377844, 37.2915004)
254273	석곡주유소	(128.7670671, 37.3466447)
254396	석곡주유소	(128.7671114, 37.3465633)
254272	양지마을	(128.7718054, 37.3541469)
253985	새마을	(128.7258471, 37.3044005)
254395	양지마을	(128.7718853, 37.3542365)
253986	새마을	(128.7258681, 37.3042382)
256312	녹고만이	(128.7252468, 37.4574631)
256313	녹고만이	(128.7253937, 37.4574622)
256988	수동	(128.6154526, 37.2942321)
254214	장열리	(128.7071967, 37.4671962)
254210	항골계곡	(128.6636602, 37.4746758)
254363	장열리	(128.7070731, 37.4672690)
254271	음지좌사	(128.7764086, 37.3583068)
254394	음지좌사	(128.7765212, 37.3582790)
254364	마산재	(128.7193344, 37.4691592)
254215	마산재	(128.7193242, 37.4692764)
254270	오산	(128.7848152, 37.3590712)
254393	오산	(128.7848387, 37.3591612)
254440	숙암리	(128.6138259, 37.4763695)
254328	숙암리	(128.6136453, 37.4764065)
256376	여량버스터미널	(128.7230307, 37.4714614)
256353	여량버스터미널	(128.7229643, 37.4716060)
254269	천포	(128.7876207, 37.3499335)
254268	화암동굴	(128.7876147, 37.3493659)
254218	여량초등학교	(128.7268721, 37.4723749)
254367	여량초등학교	(128.7268170, 37.4725194)
254392	싸내	(128.7881368, 37.3442442)
254267	싸내	(128.7879496, 37.3436147)
257378	숙암교	(128.6067535, 37.4798212)
257368	숙암교	(128.6067431, 37.4799294)
259619	화암면사무소	(128.7883438, 37.3403050)
259630	화암면사무소	(128.7884675, 37.3402592)
254370	곰바리	(128.7521066, 37.4622688)
254222	곰바리	(128.7521416, 37.4623767)
253984	소마평	(128.7347980, 37.2876117)
253983	소마평	(128.7349110, 37.2876290)
254266	그림바위	(128.7888953, 37.3380036)
254391	그림바위	(128.7889637, 37.3380752)
257362	마차재	(128.6732362, 37.2704070)
253996	마차재	(128.6753429, 37.2702057)
254223	유천2리	(128.7436060, 37.4713965)
254371	유천2리	(128.7435847, 37.4715228)
254010	잿말랑	(128.6869769, 37.2699675)
254265	화표동	(128.7937819, 37.3380069)
254390	화표동	(128.7937583, 37.3379169)
254221	봉정리	(128.7736263, 37.4521007)
254369	봉정리	(128.7737048, 37.4520461)
254368	발면동	(128.7711871, 37.4567031)
254219	발면동	(128.7711201, 37.4567847)
254154	곰골	(128.6951142, 37.2671445)
254011	곰골	(128.6950909, 37.2670635)
254224	지경	(128.7570754, 37.4696078)
254372	지경	(128.7569971, 37.4696984)
254220	봉정.웃말	(128.7779791, 37.4576767)
257357	원가사리	(128.6647238, 37.2551003)
254341	별어곡역	(128.7402218, 37.2691233)
254179	별어곡역	(128.7403459, 37.2691315)
254342	문곡사거리	(128.7405319, 37.2674092)
254343	문곡사거리	(128.7404525, 37.2673557)
260653	문곡사거리	(128.7404736, 37.2672113)
260656	문곡사거리	(128.7405519, 37.2671478)
254389	한치	(128.8084509, 37.3231024)
254264	한치	(128.8084613, 37.3230213)
253998	가사리	(128.6629373, 37.2493522)
254007	가사리	(128.6631804, 37.2487922)
254225	됫골	(128.7669851, 37.4834834)
254226	됫골	(128.7672942, 37.4838598)
259591	한치	(128.8135844, 37.3220309)
259604	한치	(128.8135498, 37.3219591)
254388	몰운	(128.8123384, 37.3132088)
254263	몰운	(128.8124399, 37.3131991)
253999	원가사	(128.6590154, 37.2365333)
254000	원가사	(128.6591162, 37.2364516)
254387	풍촌	(128.8255746, 37.3083142)
254262	풍촌	(128.8255400, 37.3082424)
254001	납돌	(128.6513512, 37.2286460)
254149	납돌	(128.6513843, 37.2285557)
253993	자미원	(128.7321739, 37.2379951)
254148	자미원	(128.7322977, 37.2379763)
254227	고사리	(128.7865925, 37.4986183)
254373	고사리	(128.7867619, 37.4985992)
253994	자미원	(128.7319564, 37.2341577)
254490	조동6리	(128.6768657, 37.2224742)
254247	문래리	(128.8570679, 37.4121111)
254248	문래리	(128.8571255, 37.4122098)
261100	새골아파트	(128.6751002, 37.2216192)
261101	새골아파트	(128.6752352, 37.2216004)
5004569	예미초등학교.신동종점	(128.6469587, 37.2210286)
261102	함백아파트	(128.6740572, 37.2209133)
256391	하늘공원	(128.7938212, 37.5009307)
261103	함백아파트	(128.6741017, 37.2208499)
256443	하늘공원	(128.7939788, 37.5008666)
254479	예미초등학교	(128.6463934, 37.2208065)
254825	예미초등학교	(128.6464266, 37.2207432)
256928	문래2리.하동	(128.8562336, 37.4211730)
254246	골지2리.하동	(128.8563003, 37.4210824)
257407	무릉리	(128.7593020, 37.2391215)
5004567	신동병원앞	(128.6438595, 37.2183242)
5004568	신동병원앞	(128.6437239, 37.2182799)
254491	함백의용소방대	(128.6705478, 37.2177973)
254833	함백의용소방대	(128.6706939, 37.2177515)
254245	골지2리.하동	(128.8592558, 37.4236470)
254386	호명	(128.8355398, 37.2944394)
256927	문래2리.하동	(128.8593797, 37.4236100)
254261	호명	(128.8356082, 37.2945020)
257203	수출동	(128.8299937, 37.2772856)
253974	수출동	(128.8298811, 37.2773044)
254260	서원기	(128.8575494, 37.2829370)
254385	서원기	(128.8574807, 37.2828473)
253958	합수거리	(128.8728892, 37.2822119)
257201	합수거리	(128.8728429, 37.2821131)
254130	합수거리	(128.8729560, 37.2821393)
257337	백전초등학교	(128.8716340, 37.2741023)
257332	백전초등학교	(128.8717246, 37.2741377)
253964	백전2리	(128.8689228, 37.2638678)
254134	백전2리	(128.8689896, 37.2637952)
254131	백전2리	(128.8783815, 37.2696550)
253959	백전2리	(128.8784599, 37.2696094)
253975	삼부재	(128.8222654, 37.2489639)
254141	삼부재	(128.8223325, 37.2489184)
253976	먼저골	(128.8181535, 37.2471092)
254142	먼저골	(128.8182209, 37.2470817)
254143	발전	(128.8141336, 37.2433072)
253977	발전	(128.8139988, 37.2433442)
253965	노른가리	(128.8513076, 37.2334306)
254135	노른가리	(128.8513292, 37.2333494)
253979	멀미	(128.7868043, 37.2393111)
253978	멀미	(128.7866802, 37.2392939)
260696	사북중고등학교	(128.8264792, 37.2271458)
254139	사북시장	(128.8180379, 37.2280966)
253969	사북시장	(128.8179803, 37.2279799)
253968	읍사무소앞	(128.8218054, 37.2273947)
254138	마름쉼터앞	(128.8208593, 37.2274463)
253967	사북버스정류장	(128.8245879, 37.2262850)
253970	사북버스승강장	(128.8145291, 37.2277154)
257380	사북역임시버스정류장	(128.8187878, 37.2265866)
254012	연세병원	(128.8256127, 37.2251875)
254155	연세병원	(128.8261955, 37.2249041)
260662	민둥산	(128.7744004, 37.2442050)
254144	민둥산	(128.7745341, 37.2440509)
253980	묵산	(128.7780403, 37.2408470)
253981	묵산	(128.7778157, 37.2409295)
254156	사북9리	(128.8267375, 37.2219086)
254140	도사곡	(128.7994035, 37.2274582)
254013	사북9리	(128.8266016, 37.2218465)
253973	도사곡	(128.7992682, 37.2274501)
254016	종합운동장입구	(128.8398250, 37.2203566)
254157	종합운동장입구	(128.8398128, 37.2202756)
253972	정선사북주공아파트	(128.7990819, 37.2258113)
5002972	고한사북공용버스터미널	(128.8349040, 37.2196165)
254014	고한사북공용버스터미널	(128.8345095, 37.2196013)
257184	부처소교차로	(128.8322242, 37.2187613)
254015	고토일종점	(128.8625298, 37.2213646)
254344	콘도	(128.8342373, 37.2133134)
254017	콘도	(128.8343234, 37.2129434)
254158	하이원리조트입구	(128.8439740, 37.2074502)
254019	하이원리조트입구	(128.8438829, 37.2073608)
254020	강원랜드행정동	(128.8477570, 37.2052335)
254021	고한파출소	(128.8494571, 37.2041400)
257179	고한역	(128.8516962, 37.2018981)
254024	농협	(128.8541557, 37.2002314)
254022	농협	(128.8541432, 37.2001233)
254177	소두문동	(128.8821741, 37.2014494)
254025	중갈래	(128.8613895, 37.1964303)
254339	소두문동	(128.8825095, 37.2012307)
254027	중갈래	(128.8619497, 37.1961649)
254176	두문동	(128.8970441, 37.2062216)
254031	두문동	(128.8968148, 37.2058809)
254178	절골	(128.8719010, 37.1966056)
254340	절골	(128.8718609, 37.1960562)
254032	두문동	(128.9023669, 37.2066767)
257029	상갈래	(128.8689707, 37.1945005)
257030	상갈래	(128.8682686, 37.1941723)
260649	상갈래	(128.8683699, 37.1941715)
257018	상갈래	(128.8688554, 37.1942671)
254161	진밭골	(128.8767628, 37.1903880)
254028	진밭골	(128.8767056, 37.1903164)
254162	못골	(128.8887163, 37.1868206)
254029	못골	(128.8886365, 37.1867401)
254453	문래3리	(128.8634582, 37.4108301)
254249	문래3리	(128.8634707, 37.4109291)
261109	매화동	(128.7001242, 37.2189235)
256887	용동	(128.8605491, 37.4270617)
256881	용동	(128.8604250, 37.4270806)
261108	함백종점	(128.6944992, 37.2149827)
254495	함백종점	(128.6941925, 37.2147142)
261106	함백	(128.6925916, 37.2145974)
261107	함백	(128.6926465, 37.2144439)
254379	문래리	(128.8561006, 37.4352667)
254243	문래리	(128.8562030, 37.4353291)
256867	용산리	(128.8565692, 37.4406788)
256868	용산리	(128.8564450, 37.4406887)
256848	용산1리	(128.8586655, 37.4431505)
256862	용산1리	(128.8585301, 37.4431695)
254242	용산리	(128.8538153, 37.4509169)
254378	용산1리	(128.8538540, 37.4513401)
254240	월탄	(128.8533577, 37.4534162)
254241	월탄	(128.8534504, 37.4536137)
254238	혈천	(128.8481953, 37.4616621)
254239	혈천	(128.8474436, 37.4621631)
254236	낙천	(128.8493751, 37.4710158)
254237	낙천리	(128.8494671, 37.4711502)
254377	봉산리	(128.8494961, 37.4767006)
254235	봉산리	(128.8496096, 37.4767358)
254376	봉산	(128.8485218, 37.4785278)
254234	봉산	(128.8486242, 37.4785811)
254375	임계고등학교	(128.8467765, 37.4921644)
252256	임계고등학교	(128.8464255, 37.4921219)
5002970	임계버스터미널	(128.8502637, 37.4945272)
256488	임계버스터미널	(128.8501400, 37.4945821)
252788	송계5리	(128.8657500, 37.4988207)
252964	송계5리	(128.8656491, 37.4989026)
254232	내도전	(128.8980455, 37.4937406)
256534	태봉동	(128.8693196, 37.5033358)
256506	태봉동	(128.8691615, 37.5033550)
252965	독토고지	(128.8789435, 37.5061299)
252789	독토고지	(128.8787968, 37.5061580)
256446	송계리	(128.8104949, 37.4991143)
256444	송계리	(128.8104962, 37.4992404)
256541	관마을	(128.8801017, 37.5103652)
256536	관마을	(128.8800351, 37.5104738)
256754	도전	(128.9087093, 37.5049041)
252962	도전	(128.9088338, 37.5049122)
252784	도전	(128.9087783, 37.5049937)
252785	직원리	(128.9089378, 37.5078849)
252963	직원리	(128.9090510, 37.5078930)
252786	화성	(128.8873675, 37.5192853)
252790	화성	(128.8878251, 37.5197144)
260681	화성	(128.8874306, 37.5198345)
252960	가목리	(128.9366681, 37.5039646)
252782	가목리	(128.9366352, 37.5040459)
256593	임계3리	(128.8861110, 37.5287649)
256567	임계3리	(128.8860323, 37.5288105)
252966	직원	(128.9157206, 37.5223754)
252791	직원	(128.9156085, 37.5224574)
254231	임계종점	(128.8898459, 37.5374320)
252792	백봉령	(128.9201806, 37.5299456)
252780	군대분교	(128.9441345, 37.5309907)
261105	함백초등학교	(128.6706005, 37.2161210)
261104	함백초등학교	(128.6706556, 37.2159765)
254489	조동시장	(128.6698298, 37.2156117)
254150	조동시장	(128.6696030, 37.2154418)
254492	함백중고	(128.6745004, 37.2162790)
254834	함백중고	(128.6744653, 37.2161350)
254005	조동3리	(128.6685250, 37.2133032)
255093	조동3리	(128.6686032, 37.2132307)
254151	농공단지	(128.6766743, 37.2162035)
254003	농공단지	(128.6767294, 37.2160680)
254488	개미촌	(128.6680736, 37.2119541)
254832	개미촌	(128.6682422, 37.2119081)
254487	길운삼거리	(128.6658363, 37.2099302)
254831	길운삼거리	(128.6656992, 37.2097147)
254830	함백종고	(128.6630183, 37.2097748)
254486	함백종고	(128.6630063, 37.2096848)
254829	변전소앞	(128.6559898, 37.2138600)
254485	변전소앞	(128.6560115, 37.2137698)
254004	농공단지	(128.6870250, 37.2145308)
254494	농공단지	(128.6871383, 37.2145932)
261098	동강택배앞	(128.6526826, 37.2131755)
261099	동강택배앞	(128.6527044, 37.2130853)
254496	용화동	(128.6899710, 37.2138739)
254836	용화동	(128.6899813, 37.2137657)
254828	예미역	(128.6478961, 37.2120844)
254484	예미역	(128.6478744, 37.2121747)
254480	예미농협	(128.6443547, 37.2169338)
254827	예미3리	(128.6444638, 37.2152030)
254826	예미농협	(128.6442080, 37.2169166)
254482	예미3리	(128.6443512, 37.2152037)
5004566	신동우체국앞	(128.6447052, 37.2131201)
5004565	신동우체국앞	(128.6446149, 37.2130936)
254483	신동읍사무소	(128.6425938, 37.2112663)
254477	신동읍사무소	(128.6423922, 37.2114026)
254476	천포리	(128.6359772, 37.2028586)
254823	천포리	(128.6359216, 37.2029400)
