107159	강남구청.강남세무서	(127.0478647, 37.5182436)
107147	강남구청.강남세무서	(127.0472624, 37.5184550)
107295	청담역	(127.0505740, 37.5177969)
5006325	SM엔터테인먼트	(127.0506440, 37.5185183)
111902	청담동성당앞	(127.0492993, 37.5201924)
107256	청담천주교회	(127.0496129, 37.5204383)
106845	청담동래미안아파트	(127.0427926, 37.5176801)
107359	센트럴아이파크.강남구도시관리공단	(127.0520811, 37.5157996)
106885	삼성동서광아파트	(127.0424922, 37.5172902)
107353	센트럴아이파크.강남구도시관리공단	(127.0518833, 37.5153385)
107361	진흥아파트	(127.0520140, 37.5193222)
107377	진흥아파트청담역	(127.0523341, 37.5190544)
83311	강남보건소.강남구립국제교육원	(127.0420384, 37.5156196)
83310	강남보건소.강남구립국제교육원	(127.0418149, 37.5154015)
106821	강남구청역	(127.0409375, 37.5185571)
106803	강남구청역	(127.0406552, 37.5185188)
107341	삼성중앙역.플래티넘아파트	(127.0514981, 37.5127043)
106903	한국토지주택공사앞	(127.0431261, 37.5128171)
111900	청담2치안센터	(127.0478042, 37.5230097)
106891	한국토지주택공사앞	(127.0426939, 37.5130028)
106783	강남구청역	(127.0402483, 37.5167224)
195613	강남교육청	(127.0475088, 37.5115189)
107182	청담2치안센터	(127.0481759, 37.5231389)
107350	삼성중앙역.플래티넘아파트	(127.0516038, 37.5123898)
106780	강남구청역	(127.0400411, 37.5170000)
107053	삼성2문화센터	(127.0460664, 37.5110928)
107099	라마다서울호텔앞	(127.0464086, 37.5108703)
107028	차움검진센터.더청담	(127.0441319, 37.5235478)
98056	선릉과정릉.라마다서울호텔	(127.0454169, 37.5105740)
107021	농협앞	(127.0443061, 37.5240808)
82333	엠네트음악방송국	(127.0440011, 37.5240423)
193760	영동고등학교현대아파트	(127.0396255, 37.5211865)
150804	영동고교앞	(127.0398473, 37.5215398)
107548	청담역.경기고교	(127.0562468, 37.5200679)
107556	청담역.경기고교	(127.0564090, 37.5197628)
107248	프리마호텔	(127.0495814, 37.5247090)
107535	청담역.경기고교	(127.0561919, 37.5208333)
107328	프리마호텔	(127.0512703, 37.5244612)
106923	선정릉역1번출구.시니어플라자	(127.0430013, 37.5101850)
106972	선정릉역.무형문화재전수회관	(127.0442398, 37.5097445)
107485	영동교입구	(127.0554041, 37.5223048)
106913	선정릉역4번출구.시니어플라자	(127.0430616, 37.5098882)
107576	우리은행청담지점.청담삼익아파트	(127.0569352, 37.5211006)
106952	선정릉역.무형문화재전수회관	(127.0440871, 37.5093017)
107630	청담역.경기고교	(127.0579082, 37.5192882)
206347	리베라호텔	(127.0546042, 37.5238392)
107537	영동교입구.청담자이아파트	(127.0559161, 37.5229756)
107638	봉은사.코엑스북문	(127.0576175, 37.5136092)
107482	한별구립어린이집	(127.0548847, 37.5105509)
106573	세관앞	(127.0364057, 37.5155648)
107470	한별구립어린이집	(127.0546170, 37.5102514)
106581	세관앞	(127.0360634, 37.5157963)
106687	영동119.안전센터	(127.0379115, 37.5225242)
98057	봉은사.롯데면세점	(127.0583401, 37.5137231)
106753	일지아트홀.압구정동노인복지센터	(127.0396533, 37.5243224)
106559	서울세관	(127.0356523, 37.5169733)
107006	청담초등학교앞	(127.0450894, 37.5265380)
107662	봉은사.코엑스북문	(127.0587760, 37.5141411)
106676	씨네시티.앞	(127.0377468, 37.5230184)
107673	봉은사.삼성1파출소앞	(127.0594096, 37.5150291)
106536	서울세관	(127.0351833, 37.5173840)
107027	청담초등학교	(127.0450398, 37.5268800)
106775	아크로힐스논현	(127.0406164, 37.5091655)
106557	임페리얼팰리스호텔.워터게이트빌딩	(127.0356406, 37.5143692)
106751	일지아트홀	(127.0395533, 37.5250605)
106764	아크로힐스논현	(127.0397448, 37.5092125)
107706	봉은사역3번출구.삼성1파출소	(127.0601427, 37.5152062)
106518	서울세관사거리	(127.0347786, 37.5154254)
106535	임피리얼팰리스호텔워터게이트	(127.0351637, 37.5136264)
98063	한류스타거리	(127.0433822, 37.5273351)
86278	포스코사거리	(127.0553821, 37.5087798)
106595	강남YMCA앞	(127.0363583, 37.5113295)
151525	제일은행.호림아트센터앞	(127.0347228, 37.5215251)
106572	강남YMCA앞	(127.0359189, 37.5111907)
107209	선릉역.선정릉정문	(127.0483453, 37.5062094)
80000	도산공원사거리	(127.0345920, 37.5220196)
206143	포스코사거리	(127.0557999, 37.5079361)
106773	스포월드.라움아트센터	(127.0398560, 37.5075915)
107204	선릉역	(127.0482375, 37.5057941)
106706	스포월드.라움아트센터	(127.0388893, 37.5080072)
81264	코엑스동문	(127.0608128, 37.5122741)
110413	포스코사거리	(127.0564012, 37.5077877)
106666	국민은행논현동지점	(127.0374461, 37.5085361)
123323	봉은사역.삼성래미안아파트	(127.0623084, 37.5147908)
107757	봉은사역5번출구.광동한방병원	(127.0623578, 37.5144579)
123460	무역센터	(127.0611133, 37.5117628)
160669	선릉역	(127.0511265, 37.5054118)
106462	도산공원.호림아트센터앞	(127.0333338, 37.5222075)
106477	도산공원	(127.0335985, 37.5227323)
107506	포스코건너편	(127.0554079, 37.5067256)
107285	선릉역	(127.0504280, 37.5051899)
106730	한양아파트.압구정로데오역	(127.0392328, 37.5280043)
107477	포스코빌딩	(127.0547943, 37.5060539)
106719	한양아파트.압구정로데오역	(127.0395569, 37.5283133)
121815	포스코사거리	(127.0575937, 37.5074008)
107264	선릉역	(127.0503220, 37.5046304)
98064	압구정로데오	(127.0388088, 37.5284244)
151993	포스코사거리	(127.0577914, 37.5069698)
98058	코엑스.에스엠타운	(127.0618542, 37.5104081)
106873	KT강남지사	(127.0420192, 37.5047167)
106439	논현고개	(127.0321724, 37.5113854)
106855	KT강남지사	(127.0416024, 37.5045781)
106368	언북중학교입구	(127.0307793, 37.5202854)
106356	학동역	(127.0304502, 37.5151107)
107799	무역센터	(127.0621318, 37.5099147)
106364	신사동교회	(127.0305809, 37.5207523)
107821	삼성역7번출구	(127.0627356, 37.5104782)
106467	신구중학교	(127.0335709, 37.5257596)
123324	노블발렌티웨딩홀	(127.0648483, 37.5152164)
107891	노블발렌티웨딩홀	(127.0648411, 37.5148830)
106336	학동역	(127.0301709, 37.5148381)
106440	논현동고개	(127.0323348, 37.5101973)
196654	삼성역7번출구	(127.0627266, 37.5102889)
106515	언주역4번출구.차병원사거리	(127.0346742, 37.5077115)
86279	학동역	(127.0299496, 37.5153318)
106524	언주역5번출구.차병원사거리	(127.0348246, 37.5074515)
98061	삼성역	(127.0628517, 37.5102358)
111685	언주역3번출구	(127.0334982, 37.5085669)
107786	한국무역센터.삼성역	(127.0617958, 37.5087407)
106349	논현동사거리.학동역	(127.0301528, 37.5136125)
123458	삼성역7번출구	(127.0629904, 37.5100026)
106957	서울상록회관.한국기술센터	(127.0437695, 37.5031540)
107791	한국무역센터.삼성역	(127.0617800, 37.5081999)
106328	논현동사거리.학동역	(127.0296750, 37.5138248)
151529	언주역2번출구.차병원사거리	(127.0334045, 37.5079354)
106605	압구정파출소	(127.0365150, 37.5290815)
107261	진선여자중고등학교	(127.0500063, 37.5027627)
106580	압구정파출소	(127.0359526, 37.5288246)
106459	신구중학교	(127.0332407, 37.5268021)
106977	한국자산신탁.르네상스호텔	(127.0440911, 37.5027691)
106297	강남을지병원	(127.0287987, 37.5186022)
106516	차병원	(127.0344052, 37.5066371)
107240	진선여자중고등학교	(127.0498869, 37.5023653)
110299	서울의료원강남분원	(127.0655276, 37.5124465)
106282	강남을지병원	(127.0284960, 37.5183925)
106504	차병원	(127.0344505, 37.5057544)
107828	삼성역	(127.0634038, 37.5076902)
123455	삼성역	(127.0640671, 37.5080108)
195764	서울의료원후문	(127.0670835, 37.5128553)
110411	대치사거리	(127.0585794, 37.5036602)
110409	하나은행	(127.0582311, 37.5034772)
106283	국민은행압구정지점	(127.0285310, 37.5235558)
107915	강남경찰서면허시험장	(127.0658416, 37.5099351)
106379	삼정호텔	(127.0316432, 37.5068127)
106395	삼정호텔앞	(127.0318613, 37.5065622)
107567	영동농협풍림아이원아파트	(127.0569748, 37.5026473)
106275	국민은행	(127.0280944, 37.5232008)
157331	삼성역	(127.0637402, 37.5070171)
106490	성수대교남단.현대아파트	(127.0341382, 37.5300262)
195614	노블치과.누네안과병원	(127.0508433, 37.5009673)
107546	영동농협풍림아이원아파트	(127.0561211, 37.5021809)
167028	강남경찰서.강남운전면허시험장	(127.0661519, 37.5095411)
107875	삼성역	(127.0644372, 37.5073560)
107351	도성초교사거리	(127.0513993, 37.5008276)
98055	삼정호텔	(127.0313091, 37.5064045)
106475	압구정중고등학교.현대아파트	(127.0336956, 37.5301307)
107349	도성초교사거리	(127.0519874, 37.5008233)
195615	도성초등학교앞	(127.0504757, 37.5005229)
106183	신사동고개	(127.0261517, 37.5185985)
106377	현대아파트	(127.0311165, 37.5283346)
81910	삼정호텔	(127.0310842, 37.5063036)
106716	아가방빌딩.하나은행	(127.0386324, 37.5015715)
107765	휘문중고등학교	(127.0616155, 37.5041619)
106168	신사동고개	(127.0258183, 37.5190102)
106294	압구정역3번출구	(127.0286907, 37.5260711)
107961	강남경찰서.강남운전면허시험장	(127.0671442, 37.5097922)
106709	한서병원	(127.0389870, 37.5012591)
106354	현대아파트	(127.0307400, 37.5285838)
107321	도성초등학교	(127.0512498, 37.5001236)
106277	압구정역4번출구	(127.0282532, 37.5257881)
107762	휘문중고등학교	(127.0619787, 37.5040657)
106950	역삼동성당.역삼자이아파트	(127.0437875, 37.4999644)
107172	역삼동개나리아파트	(127.0474229, 37.4995702)
106592	역삼역	(127.0363110, 37.5017959)
106619	역삼역.GS타워	(127.0367774, 37.5015835)
107156	역삼동개나리아파트	(127.0475165, 37.4993277)
106992	역삼자이아파트	(127.0445412, 37.4993938)
107666	대치동현대아파트	(127.0591459, 37.5017725)
107332	역삼e-편한세상아파트	(127.0513053, 37.4993131)
98065	강남관광정보센터	(127.0269639, 37.5266245)
196665	동영문화센터	(127.0450986, 37.4982540)
152015	신한은행데이터센터	(127.0440345, 37.4983355)
107700	대치현대아파트	(127.0600392, 37.5008876)
151530	예림당아트홀.신한은행전산센터	(127.0442622, 37.4982112)
106132	광림교회.현대고등학교	(127.0252152, 37.5253757)
107366	한티역	(127.0521335, 37.4982114)
107953	총회회관.휘문고입구	(127.0660120, 37.5044220)
196666	동영문화센터	(127.0447868, 37.4978730)
106527	역삼역	(127.0349941, 37.5004246)
98054	르메르디앙호텔.노보텔	(127.0278400, 37.5052858)
106040	영동시장	(127.0234224, 37.5118721)
106111	광림교회.현대고등학교	(127.0243898, 37.5253418)
105957	신사사거리.가로수길	(127.0220381, 37.5174112)
107368	한티역	(127.0522230, 37.4973922)
105945	신사사거리	(127.0217637, 37.5167692)
107926	휘문고.대치2동주민센터	(127.0659860, 37.5028719)
106704	영동중앙교회	(127.0380326, 37.4980706)
106478	역삼역.포스코타워역삼	(127.0337942, 37.4996309)
106027	영동시장	(127.0224574, 37.5112785)
98066	가로수길	(127.0229512, 37.5246091)
106720	영동중앙교회	(127.0386145, 37.4976698)
106235	신논현역	(127.0260439, 37.5051088)
111822	베스티안병원	(127.0566530, 37.4976528)
107698	은마아파트입구사거리	(127.0599867, 37.4987516)
107092	역삼2동주민센터.대림역삼아파트	(127.0459720, 37.4962697)
107048	래미안.그레이튼.아파트	(127.0455652, 37.4962394)
107453	한티역2번출구.서울강남고용노동지청	(127.0538931, 37.4967838)
107684	삼성아파트입구	(127.0594948, 37.4982972)
106810	총지사	(127.0407418, 37.4966959)
105959	영동시장논현역	(127.0225520, 37.5092249)
107456	한티역3번출구.서울강남고용노동지청	(127.0540660, 37.4965239)
166182	신논현역	(127.0256655, 37.5046372)
107345	한티역7번출구	(127.0514936, 37.4960438)
107825	래미안하이스턴.대치순복음교회	(127.0637043, 37.4999165)
123321	대치2동주민센터.우래옥앞	(127.0666217, 37.5017777)
107844	은마아파트	(127.0631217, 37.4994793)
105922	신사중학교	(127.0212995, 37.5237395)
105884	신사역	(127.0206612, 37.5128315)
106789	총지사	(127.0403176, 37.4962600)
107355	한티역6번출구	(127.0517459, 37.4957664)
105885	신사동사거리.신사역	(127.0201202, 37.5152869)
105923	논현역	(127.0237209, 37.5063151)
106084	교보타워	(127.0242734, 37.5055808)
152000	새마을운동중앙회	(127.0673191, 37.5020805)
105895	신사중학교	(127.0205512, 37.5229944)
107754	은마파출소	(127.0615211, 37.4981421)
107736	농협대치지점	(127.0611958, 37.4979323)
105854	신사역사거리	(127.0194239, 37.5174977)
193623	신사동	(127.0193763, 37.5176775)
206144	래미안그레이튼아파트	(127.0465660, 37.4949139)
107185	역삼중학교.강남세브란스병원	(127.0476210, 37.4946520)
106166	신논현역.구교보타워사거리	(127.0258192, 37.5023768)
151800	탄천교	(127.0679736, 37.5012927)
107191	도곡렉슬아파트.강남세브란스병원	(127.0481205, 37.4945029)
156837	신논현역	(127.0259937, 37.5020088)
107434	도곡렉슬아파트정문	(127.0533745, 37.4948604)
107445	단대부고.대치아이파크아파트	(127.0538053, 37.4947828)
151801	우성아파트	(127.0683370, 37.5011695)
196667	강남세브란스병원	(127.0461121, 37.4941443)
106774	총지사	(127.0398940, 37.4948959)
193629	신논현역	(127.0265159, 37.5009859)
151974	총지사	(127.0395781, 37.4948393)
106323	강남역12번출구	(127.0295526, 37.4987942)
106041	지하철2호선강남역	(127.0262460, 37.5008665)
98048	강남역	(127.0268535, 37.5002408)
151505	도곡중학교.강남세브란스병원	(127.0467515, 37.4936629)
151506	강남세브란스병원	(127.0472847, 37.4935230)
106227	강남역	(127.0269707, 37.4999264)
196668	강남세브란스병원	(127.0448084, 37.4935030)
160678	강남역.역삼세무서	(127.0293335, 37.4982428)
107794	대치SK.VIEW아파트.서울교회	(127.0620416, 37.4963081)
107823	은마아파트	(127.0628535, 37.4955936)
193640	대치동	(127.0618321, 37.4940718)
107769	대치역1번출구	(127.0616072, 37.4939709)
107798	대치역8번출구	(127.0620509, 37.4937581)
193641	대치동	(127.0619162, 37.4936760)
107873	대치역6번출구.강남구민회관	(127.0642909, 37.4927757)
107965	은마아파트	(127.0670351, 37.4958159)
195792	학여울역	(127.0671250, 37.4958617)
107856	대치역7번출구	(127.0640335, 37.4925574)
107970	대치동미도아파트	(127.0671295, 37.4954923)
107655	대치동우성아파트	(127.0596447, 37.4926488)
195793	학여울역	(127.0672535, 37.4955293)
107676	래미안.대치.팰리스	(127.0584364, 37.4925130)
163064	대치동은마아파트	(127.0682659, 37.4987000)
108077	쌍용아파트	(127.0694254, 37.4982226)
107569	도곡역2번출구.동부센트레빌	(127.0567161, 37.4917244)
107557	도곡역3번출구	(127.0565414, 37.4912274)
107478	중대부고앞	(127.0545588, 37.4924190)
107504	중대부고	(127.0552583, 37.4916497)
120576	학여울역	(127.0712198, 37.4966958)
195168	학여울역	(127.0717558, 37.4972497)
193709	개포동역	(127.0651529, 37.4889350)
82200	개포동역	(127.0652231, 37.4887463)
107534	그랑프리백화점	(127.0558683, 37.4898975)
107522	그랑프리백화점	(127.0555181, 37.4898677)
107930	개포동역.개포시장	(127.0661075, 37.4885551)
108035	개포시장.개포5단지상가	(127.0683795, 37.4895371)
107939	개포동역.개포시장	(127.0664796, 37.4886391)
108038	개포시장.개포5단지상가	(127.0683815, 37.4893749)
193710	수도공고	(127.0621967, 37.4875150)
108169	개원중학교	(127.0719646, 37.4922505)
80503	수도공고앞	(127.0620752, 37.4872797)
108196	대치아파트	(127.0724819, 37.4924798)
111767	양전초등학교	(127.0707451, 37.4902766)
111768	개포6단지앞	(127.0704099, 37.4899496)
193639	타워펠리스	(127.0526456, 37.4898897)
107363	숙명여고	(127.0525107, 37.4898256)
193638	타워펠리스	(127.0526963, 37.4894576)
193707	구룡역	(127.0591699, 37.4863196)
193708	구룡역	(127.0593300, 37.4861767)
107994	개포주공5단지경기여고	(127.0674416, 37.4867545)
107984	경기여고	(127.0671044, 37.4865896)
107395	군인공제회관	(127.0520216, 37.4891549)
107593	개일초등학교앞	(127.0571352, 37.4862673)
193746	코원에너지서비스	(127.0757268, 37.4980467)
193716	개포4단지5단지	(127.0683270, 37.4864821)
107563	구룡중학교앞	(127.0571286, 37.4858888)
80901	개포4단지5단지	(127.0689594, 37.4865412)
108308	공무원아파트	(127.0753999, 37.4924486)
193745	코원에너지서비스	(127.0762405, 37.4985823)
107901	수도전기공고후문	(127.0657877, 37.4851736)
108309	공무원아파트	(127.0756628, 37.4922253)
195791	개포동	(127.0737343, 37.4890475)
107912	수도전기공고후문	(127.0656220, 37.4848569)
108239	개포주공7단지앞	(127.0737464, 37.4889846)
107656	개포고등학교	(127.0586626, 37.4843872)
193714	개포4단지6단지	(127.0719960, 37.4869615)
193712	개포4단지7단지	(127.0733074, 37.4878999)
80923	개포4단지6단지	(127.0720315, 37.4868356)
80924	개포4단지7단지	(127.0733098, 37.4877106)
107648	개포고등학교앞	(127.0585521, 37.4841791)
108261	연금매점	(127.0745653, 37.4885945)
107848	시립개포도서관	(127.0641649, 37.4838272)
107840	시립개포도서관	(127.0636808, 37.4836612)
107306	우성캐릭터빌아파트	(127.0508623, 37.4869380)
107276	도곡동개포한신아파트	(127.0502953, 37.4870686)
107227	도곡개포한신아파트	(127.0492333, 37.4878891)
107230	매봉삼성아파트SK리더스뷰	(127.0488676, 37.4881925)
206274	강남우체국	(127.0783285, 37.4933995)
193637	도곡동	(127.0490537, 37.4877795)
151991	우성3차아파트	(127.0567305, 37.4833717)
108079	주공4단지	(127.0691287, 37.4838303)
108403	대청역	(127.0788727, 37.4932866)
108084	디에이치아너힐즈	(127.0687802, 37.4836654)
107577	우성3차아파트	(127.0568798, 37.4831927)
107726	개포1단지연금매장	(127.0609814, 37.4825134)
107713	개포1단지	(127.0606429, 37.4824567)
108440	대청역	(127.0795974, 37.4932021)
108451	중동고등학교	(127.0800300, 37.4929712)
111823	개포주공1단지	(127.0619332, 37.4814487)
121706	현대1차우성아파트	(127.0555356, 37.4821818)
121705	현대1차우성아파트	(127.0550950, 37.4821512)
107423	현대아파트경남아파트	(127.0530165, 37.4828915)
195554	영희초등학교후문	(127.0803297, 37.4915859)
111698	영희초등학교	(127.0804809, 37.4912447)
123320	영희초등학교	(127.0807044, 37.4914627)
107388	현대아파트	(127.0527163, 37.4824926)
196669	역삼청소년수련관.도곡1차아이파크	(127.0425754, 37.4930255)
151516	래미안블레스티지아파트	(127.0637460, 37.4802377)
106876	도곡1차아이파크.도곡중학교	(127.0422065, 37.4926891)
107790	개포중학교	(127.0635442, 37.4801009)
106871	도곡1차아이파크.역삼청소년수련관	(127.0418087, 37.4928481)
107458	하나은행사거리	(127.0541718, 37.4809364)
121709	매봉역입구	(127.0462354, 37.4853239)
108515	영희초등학교	(127.0823617, 37.4918720)
123319	래미안개포루체하임아파트	(127.0813516, 37.4893953)
123318	래미안루체하임.일원동맛의거리	(127.0815865, 37.4896043)
107446	개포시영아파트후문	(127.0539392, 37.4805561)
107037	매봉역	(127.0450058, 37.4859808)
108520	영희초등학교정문	(127.0827687, 37.4918752)
121707	구룡초등학교	(127.0530881, 37.4808016)
193747	매봉역양재최의원	(127.0444823, 37.4862469)
206635	삼익아파트앞	(127.0417541, 37.4900363)
106817	럭키아파트	(127.0410778, 37.4916347)
195104	마루공원	(127.0837950, 37.4948836)
107380	구룡초등학교	(127.0529679, 37.4804672)
107540	개포래미안포레스트	(127.0545928, 37.4798315)
123337	구룡마을	(127.0635160, 37.4787401)
108536	삼성서울병원사거리	(127.0826318, 37.4891980)
107034	도곡2동주민센터대치중학교	(127.0454572, 37.4842724)
121711	도곡2동주민센터대치중학교	(127.0452290, 37.4844328)
108574	일원지구대	(127.0841734, 37.4926069)
121819	경남아파트	(127.0413146, 37.4890326)
108539	삼성서울병원사거리	(127.0828840, 37.4889206)
107601	개포주공1단지아파트	(127.0563818, 37.4787284)
108575	일원지구대	(127.0845807, 37.4925920)
83577	구룡산입구	(127.0627363, 37.4777968)
108529	삼성서울병원정문건너편	(127.0824314, 37.4870879)
107780	구룡마을	(127.0623769, 37.4776047)
106734	도곡1동주민센터.역삼럭키아파트	(127.0391314, 37.4917451)
87114	도곡한신아파트	(127.0414992, 37.4869706)
107296	개포4동주민센터개포지구대	(127.0512500, 37.4795164)
106831	도곡한신아파트	(127.0411824, 37.4869861)
106703	역삼럭키아파트.역삼월드메르디앙아파트	(127.0386772, 37.4918855)
195553	삼성서울병원정문건너편	(127.0827563, 37.4864146)
108545	삼성서울병원정문	(127.0830717, 37.4865072)
5006202	대청초교삼거리	(127.0862343, 37.4933076)
195557	삼성의료원	(127.0843295, 37.4881479)
195552	삼성서울병원정문	(127.0831312, 37.4862644)
123347	대청초교삼거리	(127.0863711, 37.4932186)
195537	일원동한솔아파트	(127.0796040, 37.4825156)
195105	대청초등학교	(127.0865771, 37.4939500)
151510	개포주공1단지	(127.0582820, 37.4768604)
108491	푸른마을아파트앞	(127.0806615, 37.4829473)
151509	개포우성아파트	(127.0578098, 37.4766494)
193718	광수빌딩	(127.0493104, 37.4791134)
195576	양재전화국	(127.0407582, 37.4856671)
81247	영동2교	(127.0434978, 37.4827518)
121710	광수빌딩	(127.0494708, 37.4789434)
81246	영동2교	(127.0436255, 37.4824916)
106888	원불교앞	(127.0424023, 37.4835359)
111904	일원역	(127.0832352, 37.4851569)
81466	원불교	(127.0424260, 37.4834550)
107469	우성6차아파트	(127.0550932, 37.4768980)
195106	일원1동주민센터	(127.0874347, 37.4922356)
195556	암센터후문.장례식장	(127.0868461, 37.4894919)
108525	상록수아파트앞	(127.0821774, 37.4828870)
193717	개포우성6차아파트	(127.0576974, 37.4756933)
108641	일원1동주민센터	(127.0878231, 37.4919142)
151992	국민은행그린공원	(127.0476871, 37.4787309)
195551	일원역	(127.0837428, 37.4843318)
108653	일원주유소.삼성서울병원후문	(127.0876229, 37.4907053)
108667	삼성서울병원후문	(127.0875041, 37.4902448)
195550	일원역	(127.0835787, 37.4838800)
193791	국민은행	(127.0477820, 37.4783802)
121713	국민은행그린공원	(127.0471681, 37.4786456)
121708	국민은행그린공원	(127.0468272, 37.4787780)
86272	강남구민체육관	(127.0538606, 37.4760232)
106171	신분당선강남역	(127.0285246, 37.4960826)
106188	신분당선강남역	(127.0291285, 37.4948531)
156839	강남역	(127.0295506, 37.4945683)
93430	신분당선.강남역4번출구	(127.0296085, 37.4944696)
106046	지하철2호선강남역	(127.0257604, 37.5016825)
106491	역삼초등학교	(127.0340428, 37.4943708)
106484	역삼초등학교	(127.0341130, 37.4941821)
106365	역삼초등학교	(127.0306670, 37.4921896)
106332	래미안아파트.파이낸셜뉴스	(127.0305700, 37.4918194)
106330	래미안아파트.파이낸셜뉴스	(127.0308716, 37.4912272)
106435	뱅뱅사거리.역삼동	(127.0337213, 37.4903494)
106446	뱅뱅사거리뱅뱅프라자	(127.0328122, 37.4898194)
196619	LPG가스충전소	(127.0358311, 37.4907271)
106447	뱅뱅사거리.구영동중학교	(127.0327709, 37.4877556)
106410	뱅뱅사거리	(127.0329767, 37.4867031)
123330	양재역4번출구	(127.0369997, 37.4851320)
195669	양재역.종합복지관	(127.0362026, 37.4846840)
106616	양재역말죽거리.강남베드로병원	(127.0378914, 37.4852564)
196600	양재역5번출구	(127.0365975, 37.4847503)
106635	양재역.양재1동민원분소	(127.0373200, 37.4848463)
193634	양재역	(127.0386814, 37.4853709)
193635	양재역	(127.0384710, 37.4850268)
107026	포이사거리삼호물산	(127.0453044, 37.4785044)
121712	포이사거리삼호물산	(127.0452955, 37.4783151)
107023	삼호물산	(127.0452287, 37.4773414)
123327	풍양빌딩	(127.0488690, 37.4773618)
123326	달터공원	(127.0496475, 37.4765931)
195555	암센터정문	(127.0873887, 37.4885770)
108577	일원본동주민센터	(127.0846910, 37.4835372)
108594	일원본동주민센터	(127.0856198, 37.4834002)
107316	국악중고교	(127.0507003, 37.4755924)
189781	포이초교	(127.0527165, 37.4753022)
206223	한남대교전망카페	(127.0158947, 37.5243794)
107505	도곡교회.인바디빌딩	(127.0553731, 37.4744223)
107525	도곡교회.인바디빌딩.건너	(127.0554805, 37.4739727)
107278	능인선원앞	(127.0518278, 37.4722585)
107300	능인선원앞	(127.0520925, 37.4718821)
107303	구룡사입구	(127.0505744, 37.4721403)
107215	국악고교사거리	(127.0482624, 37.4743744)
151815	시립수서청소년수련관	(127.0894687, 37.4839705)
86027	강남데시앙포레정문	(127.0887561, 37.4811898)
86026	강남데시앙포레정문	(127.0891809, 37.4815895)
108750	수서삼성아파트앞	(127.0910682, 37.4844694)
86024	강남데시앙포레상가앞	(127.0915339, 37.4814905)
86025	강남데시앙포레상가앞	(127.0925415, 37.4813901)
151814	태화기독교.사회복지관	(127.0933623, 37.4845771)
108792	수서119.안전센터앞	(127.0936032, 37.4842906)
86022	강남더샵포레스트아파트	(127.0941397, 37.4819970)
86274	수서교회.수서동성당앞	(127.0944719, 37.4835134)
86023	강남더샵포레스트아파트	(127.0943673, 37.4818726)
86273	수서교회.수서동성당앞	(127.0947550, 37.4834795)
108898	궁마을	(127.0973764, 37.4855179)
108902	궁마을	(127.0975376, 37.4852758)
108943	수서역KT수서지점	(127.0997242, 37.4886985)
195608	수서역	(127.0999183, 37.4885378)
108946	수서역KT수서지점	(127.1007031, 37.4872192)
108949	수서역	(127.1005072, 37.4884702)
108992	수서역	(127.1018825, 37.4869308)
82160	래미안강남힐즈	(127.0956348, 37.4723851)
108996	수서역현대벤쳐빌	(127.1020659, 37.4876711)
109006	수서역5번출구	(127.1024251, 37.4869439)
81255	수서역5번출구.이마트앞	(127.1025506, 37.4868548)
109016	수서역.로즈데일빌딩	(127.1027692, 37.4874872)
82162	세곡중학교.세명초등학교	(127.0916737, 37.4699219)
81257	세종고등학교	(127.1027871, 37.4878838)
82163	세곡중학교.세명초등학교	(127.0919896, 37.4699784)
90842	고속철도수서역	(127.1037179, 37.4847371)
82161	래미안강남힐즈	(127.0980195, 37.4724484)
109035	쟁골마을	(127.1044212, 37.4826520)
90843	고속철도수서역	(127.1043955, 37.4848053)
109038	쟁골마을	(127.1049252, 37.4821061)
195756	한아름아파트.사이룩스오피스텔	(127.1046686, 37.4884567)
82158	못골마을.LH강남아이파크	(127.1012559, 37.4731398)
82159	못골마을	(127.1013490, 37.4729152)
85857	강남스포츠문화센터	(127.1051082, 37.4885771)
82166	세곡푸르지오	(127.0940519, 37.4677055)
82165	세곡푸르지오	(127.0937264, 37.4675138)
86067	강남더샵라르고오피스텔	(127.1048601, 37.4752305)
86068	강남현대힐스테이트에코	(127.1049987, 37.4749883)
82106	세곡푸르지오	(127.0943359, 37.4666534)
82107	세곡푸르지오	(127.0947304, 37.4667465)
163490	래미안포레아파트	(127.1061385, 37.4751591)
82109	은곡마을	(127.0967032, 37.4672122)
82108	은곡마을	(127.0973959, 37.4669471)
206515	래미안포레아파트	(127.1077206, 37.4761712)
206516	래미안포레아파트	(127.1074884, 37.4757370)
109083	래미안포레아파트	(127.1067469, 37.4743888)
80200	세곡푸르지오	(127.0949421, 37.4651262)
82104	상업지역	(127.1000391, 37.4671204)
91841	세곡2지구3.4단지	(127.1097591, 37.4768443)
80208	세곡푸르지오	(127.0964917, 37.4650570)
109091	방죽마을	(127.1069646, 37.4722459)
94255	LH이-편한세상	(127.1017289, 37.4676198)
81780	은곡마을진입로	(127.0983934, 37.4657833)
94250	LH이-편한세상	(127.1018862, 37.4677021)
82105	상업지역	(127.1008328, 37.4669282)
94253	방죽마을입구	(127.1061880, 37.4709966)
94254	한신휴플러스6단지	(127.1043321, 37.4692525)
94252	방죽마을입구	(127.1063012, 37.4709884)
94251	한신휴플러스6단지	(127.1044458, 37.4691993)
86112	세곡2지구3.4단지	(127.1101574, 37.4766221)
109101	방죽마을	(127.1074221, 37.4717988)
85856	LH이편한세상	(127.1018079, 37.4666833)
108937	강남신동아파밀리에1단지	(127.0999941, 37.4652188)
82164	강남신동아파밀리에	(127.1013013, 37.4655622)
108961	은곡마을.LH이편한세상	(127.1020594, 37.4655048)
82110	은곡마을.강남신동아파밀리에	(127.1021786, 37.4649831)
94249	강남신동아파밀리에2단지	(127.1017071, 37.4647092)
91135	세곡문화복지관	(127.1080498, 37.4693977)
123336	세곡문화복지회관	(127.1078630, 37.4689367)
197970	강남신동아파밀리에2단지	(127.1015526, 37.4643927)
85880	강남한양수자인아파트	(127.1137779, 37.4783252)
85881	강남한양수자인아파트	(127.1138160, 37.4779741)
87129	강남신동아파밀리에1단지	(127.1014508, 37.4634548)
86109	대왕초등학교	(127.1066200, 37.4650888)
152295	대왕초등학교	(127.1061043, 37.4647245)
86276	리엔파크3단지	(127.1037965, 37.4629770)
109090	대왕초등학교	(127.1068514, 37.4646400)
195607	대왕파출소	(127.1076809, 37.4652320)
109121	세곡동사거리	(127.1086127, 37.4657797)
82112	리엔파크4단지.강남데시앙파크	(127.1017916, 37.4614210)
109147	세곡동	(127.1092996, 37.4650459)
109110	세곡동사거리	(127.1078012, 37.4636650)
156908	세곡동	(127.1100617, 37.4646552)
109240	광연자동차학원앞	(127.1164482, 37.4656492)
109269	광연자동차학원앞	(127.1187714, 37.4670902)
109306	삼일자동차학원.강남자동차검사소	(127.1209848, 37.4682510)
109308	삼일자동차학원.강남자동차검사소	(127.1213399, 37.4678572)
