105161	중구청앞.덕수중학교	(126.9981920, 37.5648410)
105128	충무로역8번출구.대한극장앞	(126.9964764, 37.5619341)
105188	퇴계로5가	(126.9998172, 37.5626562)
105197	퇴계로5가.제일병원	(126.9999448, 37.5624230)
105137	을지로4가.베스트웨스턴국도	(126.9968571, 37.5664695)
105122	을지로4가	(126.9962092, 37.5666713)
98016	방산.중부시장	(126.9993082, 37.5668597)
105107	충무로역2번출구.대한극장앞	(126.9949458, 37.5612813)
105182	을지로5가	(126.9994555, 37.5668520)
105075	초동	(126.9930581, 37.5636170)
105209	을지로5가.중부시장	(127.0009179, 37.5666931)
193692	충무로역.매일경제	(126.9932624, 37.5618887)
105251	을지로5가.훈련원종합체육관	(127.0025214, 37.5661300)
110257	청계4가.배오개다리	(126.9966374, 37.5685040)
105273	퇴계로6가	(127.0037327, 37.5635723)
196849	남산골한옥마을	(126.9925395, 37.5609365)
105276	퇴계로6가	(127.0038267, 37.5633117)
98017	을지로3가	(126.9923283, 37.5665391)
196850	앰버서더호텔	(127.0025966, 37.5604811)
105060	퇴계로3가.한옥마을.한국의집	(126.9922118, 37.5608976)
150986	방산종합시장	(127.0019895, 37.5678195)
80179	청계3가.세운교	(126.9939011, 37.5682735)
105055	퇴계로3가.한옥마을.한국의집	(126.9917779, 37.5611823)
87284	장충문화체육센터.권기옥활동터	(127.0026154, 37.5599226)
105246	방산시장.훈련원종합체육관	(127.0024184, 37.5679132)
105047	을지로3가	(126.9909296, 37.5661758)
110258	청계5가.방산시장	(127.0010194, 37.5692620)
105033	을지로3가	(126.9901233, 37.5663672)
105323	을지로6가.국립중앙의료원	(127.0058555, 37.5665185)
105304	장충동.동국대입구	(127.0056168, 37.5606237)
105321	을지로6가.국립중앙의료원	(127.0062792, 37.5661527)
105313	장충동.동국대입구	(127.0059440, 37.5607075)
105008	을지로2가.파인에비뉴	(126.9885993, 37.5660658)
104995	서울백병원.국가인권위.안중근활동터	(126.9879015, 37.5640865)
111459	청계6가.평화시장	(127.0043679, 37.5694344)
5001945	남산1호터널	(126.9922595, 37.5573479)
105343	광희동	(127.0072774, 37.5651429)
85879	남대문세무서.국가인권위원회	(126.9877405, 37.5651123)
104991	남대문세무서.서울백병원	(126.9875935, 37.5651021)
105358	광희동	(127.0077630, 37.5652280)
98042	신라호텔	(127.0053643, 37.5583329)
110256	청계2가.삼일교	(126.9885180, 37.5678942)
112442	동대입구역.장충동	(127.0052989, 37.5581431)
166764	광희문.광희동사거리	(127.0087006, 37.5645151)
166701	광희문.광희동사거리	(127.0091665, 37.5643838)
104968	을지로2가.기업은행본점.서울노동청	(126.9864240, 37.5662093)
206214	동대문역사문화공원	(127.0083575, 37.5673505)
105384	동대문역사문화공원	(127.0090833, 37.5655364)
196854	동대문디자인플라자.동대문시장	(127.0086469, 37.5668663)
105362	장충체육관앞	(127.0076924, 37.5585957)
112446	숭의여대	(126.9874773, 37.5586226)
98044	서울애니메이션센터	(126.9872525, 37.5585125)
206064	동대문역사문화공원	(127.0090567, 37.5675456)
105361	장충체육관앞	(127.0077668, 37.5581008)
98015	동대문디자인프라자	(127.0091331, 37.5677624)
104951	을지로입구.로얄호텔	(126.9852957, 37.5659384)
98041	명동	(126.9856148, 37.5607601)
104965	명동입구	(126.9851850, 37.5607384)
110259	청계6가.오간수교	(127.0089847, 37.5695633)
104953	퇴계로2가.명동역	(126.9843452, 37.5609024)
110255	청계1가.광교	(126.9841979, 37.5684248)
88309	약수역10번출구	(127.0091356, 37.5564453)
151101	명동국민은행앞	(126.9825416, 37.5645271)
98022	명동입구	(126.9824896, 37.5641842)
88308	약수역1번출구	(127.0096676, 37.5564408)
195507	동대문디자인플라자	(127.0120991, 37.5677422)
110247	우리은행종로지점	(126.9829399, 37.5677022)
104878	롯데백화점	(126.9820556, 37.5644688)
126884	을지로입구역.광교	(126.9825476, 37.5674195)
104877	롯데영프라자	(126.9819443, 37.5626658)
112444	국립극장.반얀트리호텔	(127.0008814, 37.5516003)
104910	남산3호터널.서울애니메이션센터	(126.9827229, 37.5595098)
126885	해운센터.롯데영프라자	(126.9816789, 37.5630419)
98021	남산오르미	(126.9832274, 37.5581987)
105195	국립극장.반얀트리호텔	(127.0009635, 37.5513848)
104900	남산3호터널	(126.9826669, 37.5586353)
105560	신당동.청구역	(127.0130037, 37.5592259)
105638	충무아트센터.스포츠센터.중부소방서	(127.0139773, 37.5652350)
104859	신세계앞	(126.9814817, 37.5608958)
206628	남산북측순환로입구	(126.9987993, 37.5507357)
105571	신당동.청구역	(127.0132328, 37.5590206)
105469	약수역2번출구.가온도서관	(127.0110676, 37.5558488)
104849	을지로입구.시청입구	(126.9810252, 37.5661629)
98018	을지로입구	(126.9809349, 37.5661441)
105639	충무아트센터.스포츠센터.중부소방서	(127.0145230, 37.5650503)
105482	약수역3번출구.약수하이츠	(127.0114291, 37.5558969)
91075	서울시청	(126.9806404, 37.5661596)
105627	청구역	(127.0141704, 37.5600195)
196837	남산서울타워	(126.9911114, 37.5509948)
112445	남산케이블카.남산산책로입구	(126.9839470, 37.5552134)
105667	신당동떡볶이타운.중구여성플라자	(127.0150959, 37.5628025)
112221	남산서울타워	(126.9912489, 37.5508698)
105422	약수역8번출구.신당사회복지관	(127.0099948, 37.5539476)
105673	신당동떡볶이타운.중구여성플라자	(127.0151589, 37.5623164)
105643	청구역	(127.0146454, 37.5600505)
194917	서울기동대.광희초등학교	(127.0146434, 37.5679437)
98045	남산케이블카	(126.9836087, 37.5551204)
110273	청계7가.동평화.청평화시장	(127.0140447, 37.5695696)
104829	남대문시장	(126.9798700, 37.5612153)
105406	약수역7번출구.약수동주민센터	(127.0092620, 37.5528783)
193815	한국은행.신세계앞	(126.9793354, 37.5614089)
89479	시청광장	(126.9789218, 37.5651807)
105704	성동공업고등학교(무궁화회관)	(127.0158029, 37.5684399)
196441	약수역.3.6호선	(127.0116564, 37.5532497)
104820	남대문시장앞.이회영활동터	(126.9785260, 37.5610054)
105719	성동공업고등학교앞	(127.0161276, 37.5687129)
105487	약수역5번출구.금호터널입구	(127.0118523, 37.5529900)
105359	송도병원앞	(127.0077011, 37.5502431)
105345	송도병원앞	(127.0073865, 37.5500693)
104824	북창동.남대문시장	(126.9779573, 37.5612077)
105500	약수역4번출구.금호터널입구	(127.0123611, 37.5530213)
86497	약수시장.초록마을앞	(127.0108049, 37.5517378)
86500	약수지구대	(127.0120496, 37.5526133)
104831	백범광장	(126.9800117, 37.5558012)
104797	남대문시장.회현역	(126.9783688, 37.5584181)
206623	교육연구정보원	(126.9807512, 37.5546813)
126053	프레스센터	(126.9773396, 37.5674827)
206452	시청역	(126.9769351, 37.5656050)
104815	남대문시장.회현역	(126.9779503, 37.5583964)
98036	덕수궁	(126.9768555, 37.5656313)
86066	시청앞.덕수궁	(126.9769242, 37.5664068)
86498	중구청소년수련관.남산타운2상가	(127.0121169, 37.5518029)
81322	북창동.남대문시장	(126.9768870, 37.5608381)
104793	서울신문사	(126.9773266, 37.5684377)
104767	시청앞	(126.9766064, 37.5623224)
105808	동화동	(127.0182475, 37.5598372)
105809	동화동	(127.0183135, 37.5599819)
105816	신당역.중앙시장앞	(127.0187471, 37.5657702)
86499	중구청소년수련관.남산타운2상가	(127.0125369, 37.5517073)
104769	삼성본관앞	(126.9762252, 37.5628867)
166785	시청앞	(126.9762144, 37.5628506)
206674	삼성프라자	(126.9762179, 37.5625893)
196618	숭례문앞	(126.9762651, 37.5616256)
206683	조선일보	(126.9768561, 37.5689021)
206660	신한은행본점	(126.9759193, 37.5620821)
196835	광화문	(126.9767433, 37.5688741)
98028	신당동중앙시장	(127.0194032, 37.5658027)
105849	신당역.중앙시장앞	(127.0194631, 37.5655509)
105293	버티고개	(127.0057559, 37.5475867)
207225	신당동삼성아파트.금호여중	(127.0187051, 37.5586066)
104768	시청.서소문청사	(126.9753198, 37.5637078)
104726	서소문	(126.9752522, 37.5636802)
123500	신금호파크자이아파트후문	(127.0172311, 37.5553506)
104755	남대문시장악세사리전문상가	(126.9761244, 37.5586690)
98037	남대문시장	(126.9753918, 37.5609242)
166962	숭례문남산방향	(126.9757516, 37.5586117)
81556	힐튼호텔	(126.9766851, 37.5565654)
207226	신당동대우푸르지오.금호여중	(127.0192808, 37.5578545)
110272	청계8가.영도교	(127.0188859, 37.5707271)
104729	서소문	(126.9746145, 37.5631341)
81557	힐튼호텔	(126.9766212, 37.5562675)
86496	서울방송고등학교.남산타운아파트	(127.0124737, 37.5496343)
104717	숭례문	(126.9747338, 37.5593778)
125476	신당역하나은행	(127.0216946, 37.5654252)
104700	숭례문	(126.9740112, 37.5584254)
105980	성동고등학교	(127.0221113, 37.5655909)
156321	숭례문.한국일보	(126.9738238, 37.5588833)
112122	숭례문	(126.9738397, 37.5585500)
104694	염천교	(126.9732447, 37.5598424)
105990	성동고등학교	(127.0225231, 37.5652609)
150988	숭례문	(126.9736434, 37.5580077)
166964	후암삼거리	(126.9761840, 37.5534795)
104688	숭례문	(126.9733440, 37.5583836)
206291	서울역	(126.9719907, 37.5580204)
196634	서울역	(126.9713543, 37.5582131)
206292	서울역	(126.9713920, 37.5579341)
104575	염천교	(126.9709568, 37.5599576)
128409	서울역버스환승센터.강우규의거터	(126.9730331, 37.5554615)
104664	서울역버스환승센터 6	(126.9728069, 37.5554505)
166790	서울역버스환승센터 5	(126.9726939, 37.5554405)
104659	서울역버스환승센터 4	(126.9725241, 37.5554390)
81018	서울스퀘어앞	(126.9733290, 37.5553469)
104573	중림동교차로	(126.9692110, 37.5585098)
118370	서울역버스환승센터 3	(126.9723358, 37.5551401)
104582	서울역서부	(126.9693449, 37.5570062)
124124	중림동입구	(126.9688534, 37.5590022)
104578	서울역서부	(126.9692967, 37.5563931)
194126	서울역서부	(126.9692684, 37.5559874)
166961	남대문경찰서	(126.9737541, 37.5540531)
104554	서울의료보건고등학교.서울역서부	(126.9688744, 37.5558307)
104560	한국경제신문사.서소문역사공원	(126.9681074, 37.5605725)
104546	한국경제신문사.서소문역사공원	(126.9678382, 37.5603900)
124131	한국경제신문사	(126.9678976, 37.5610122)
80591	경찰청.동북아역사재단	(126.9692802, 37.5625290)
104571	경찰청.동북아역사재단	(126.9691821, 37.5630778)
104500	손기정체육공원입구	(126.9662222, 37.5544650)
104463	종근당.충정로역	(126.9644760, 37.5596127)
193375	충정로역	(126.9643525, 37.5595396)
104540	서대문경찰서.농협은행.유관순활동터	(126.9677408, 37.5649935)
80455	서대문경찰서.농협은행.유관순활동터	(126.9676595, 37.5651459)
80595	서대문역사거리.농협중앙회	(126.9679195, 37.5668151)
104395	만리동고개	(126.9624127, 37.5516835)
106075	신당초등학교앞	(127.0238915, 37.5644883)
193424	신당초등학교	(127.0243124, 37.5643296)
112170	황학동주민센터	(127.0234071, 37.5669171)
106189	신당파인힐하나유보라	(127.0249156, 37.5649473)
106091	금호베스트빌.래미안하이베르	(127.0243499, 37.5623205)
106083	금호베스트빌.래미안하이베르	(127.0240756, 37.5616515)
166760	황학동롯데캐슬	(127.0232767, 37.5708356)
152011	황학동롯데캐슬	(127.0224969, 37.5716040)
