104801	KT광화문지사	(126.9773183, 37.5723571)
196616	광화문한국통신	(126.9773022, 37.5718794)
104759	세종문화회관	(126.9764988, 37.5726834)
104758	세종문화회관	(126.9764679, 37.5732868)
104813	경복궁	(126.9788037, 37.5755056)
104905	조계사	(126.9828401, 37.5725489)
98020	세종문화회관	(126.9763822, 37.5721057)
193401	종로1가	(126.9804363, 37.5703387)
104909	조계사	(126.9831417, 37.5728489)
104911	조계사	(126.9832028, 37.5725160)
81437	조계사	(126.9831045, 37.5739208)
104902	안국동	(126.9827204, 37.5746924)
92690	종로1가	(126.9807903, 37.5701165)
92688	광화문	(126.9780947, 37.5702194)
104914	인사동들머리.3.1독립선언터	(126.9833675, 37.5720579)
92689	종로1가	(126.9813889, 37.5702117)
125975	종각.공평유적전시관	(126.9832047, 37.5715429)
98043	세종문화회관	(126.9763843, 37.5711236)
104883	덕성여중고	(126.9819913, 37.5758665)
104828	법련사	(126.9796596, 37.5766663)
104838	무교동	(126.9802585, 37.5692649)
104827	경복궁	(126.9793612, 37.5769611)
104761	광화문	(126.9763886, 37.5699793)
206229	광화문	(126.9757039, 37.5703789)
165600	광화문	(126.9759447, 37.5701557)
196858	인사동.북촌	(126.9837567, 37.5759177)
98023	종각역	(126.9830645, 37.5693612)
104920	안국역.종로경찰서.인사동	(126.9842563, 37.5758049)
104921	안국역.종로경찰서.인사동	(126.9841057, 37.5760558)
81770	안국역.종로경찰서.인사동	(126.9848371, 37.5763865)
125974	종각역YMCA	(126.9854517, 37.5703007)
92698	종로2가	(126.9853744, 37.5701559)
81769	안국역.종로경찰서.인사동	(126.9855050, 37.5763922)
104685	광화문.금호아시아나본관앞	(126.9731688, 37.5703389)
104971	수운회관	(126.9865517, 37.5751758)
92691	종로2가	(126.9862452, 37.5702174)
104928	청계1가.광교	(126.9850317, 37.5687113)
125972	낙원상가	(126.9873645, 37.5736690)
152821	국립민속박물관	(126.9794773, 37.5792417)
104981	운현궁	(126.9869801, 37.5753056)
125976	종로사우나	(126.9876210, 37.5739596)
5003588	남인사마당	(126.9874643, 37.5713091)
104961	헌법재판소.안국역	(126.9857973, 37.5773769)
125973	금강제화	(126.9874841, 37.5706876)
152012	서울역사박물관.김구집무실(경교장)	(126.9721548, 37.5699876)
104963	안국역2번출구앞	(126.9860922, 37.5773344)
194405	경복궁역	(126.9722771, 37.5767465)
194404	경복궁역	(126.9724872, 37.5771088)
104657	경복궁역	(126.9721934, 37.5770702)
196860	경복궁.국립민속박물관	(126.9798606, 37.5801911)
104996	종로2가사거리	(126.9877805, 37.5696900)
126071	정독도서관	(126.9801649, 37.5802928)
104607	서울역사박물관.경교장.강북삼성병원	(126.9712375, 37.5700157)
104665	경복궁역	(126.9723119, 37.5775127)
104931	아름다운가게.정독도서관	(126.9850506, 37.5790104)
125977	재동초등학교	(126.9853703, 37.5788149)
104621	서울지방경찰청.경복궁역	(126.9709192, 37.5758787)
104615	사직동주민센터	(126.9710616, 37.5762223)
194133	청계2가.삼일교	(126.9872102, 37.5683335)
151835	종로2가.삼일교	(126.9875786, 37.5687151)
104999	창덕궁.우리소리박물관	(126.9879051, 37.5772238)
105015	인사동.탑골공원	(126.9888284, 37.5700504)
105000	청계2가교차로	(126.9878755, 37.5685284)
90654	서울역사박물관.경희궁앞	(126.9705116, 37.5692886)
104933	가회동주민센터	(126.9849116, 37.5800814)
105006	창덕궁.서울돈화문국악당	(126.9883542, 37.5775069)
104939	가회동주민센터	(126.9851380, 37.5800834)
92699	종로3가.탑골공원	(126.9895503, 37.5702457)
90653	서울역사박물관.경희궁앞	(126.9703109, 37.5690706)
125978	현대사거리	(126.9869713, 37.5793062)
92692	종로3가.탑골공원	(126.9899676, 37.5703574)
104858	삼청파출소	(126.9813454, 37.5817357)
104855	삼청파출소	(126.9812425, 37.5818069)
98019	통인시장	(126.9713275, 37.5791170)
81442	사직동주민센터	(126.9689665, 37.5762762)
104559	사직단	(126.9684505, 37.5751093)
96162	종로1.2.3.4가동주민센터	(126.9911366, 37.5743410)
125979	볼링장	(126.9881372, 37.5793162)
126080	창덕궁	(126.9904610, 37.5765878)
104555	사직단.어린이도서관	(126.9683104, 37.5754145)
126047	광화문새마을금고	(126.9710964, 37.5794574)
126056	광화문새마을금고	(126.9710952, 37.5795475)
104940	북촌한옥마을.돈미약국	(126.9851882, 37.5813903)
196857	창덕궁	(126.9901761, 37.5775675)
104935	북촌한옥마을입구.정세권활동터	(126.9849590, 37.5815956)
105024	청계2가.수표교	(126.9906728, 37.5684352)
126079	종로3가.1.3.5호선	(126.9920353, 37.5714924)
88406	강북삼성병원	(126.9686826, 37.5681193)
104566	강북삼성병원	(126.9683361, 37.5686208)
104632	통인시장종로구보건소	(126.9713078, 37.5805495)
104624	통인시장종로구보건소	(126.9710498, 37.5803760)
5007638	창덕궁.돈화문국악당	(126.9910274, 37.5774036)
126046	오거리.한옥마을입구	(126.9696028, 37.5793993)
81441	배화여중고	(126.9677129, 37.5768779)
126057	오거리.한옥마을입구	(126.9696805, 37.5795081)
104763	광화문광화문빌딩	(126.9767552, 37.5688292)
81440	종로도서관	(126.9670950, 37.5765301)
196859	청와대	(126.9737805, 37.5826974)
104936	안국선원.삼거리	(126.9849976, 37.5829204)
104944	안국선원.삼거리	(126.9852239, 37.5829314)
104499	서울시교육청	(126.9667531, 37.5693098)
126010	카센터.터널앞	(126.9658252, 37.5742034)
104874	삼청동주민센터	(126.9818788, 37.5841370)
80593	서대문역사거리.적십자병원	(126.9675879, 37.5670555)
126045	통인시장.종로구보건소	(126.9687063, 37.5803736)
126014	스위스대사관	(126.9657699, 37.5700130)
126058	통인시장	(126.9685596, 37.5803363)
125968	인사미술공간.세탁소	(126.9893763, 37.5814622)
125971	중앙중고	(126.9869422, 37.5831263)
126008	단군성전앞	(126.9653191, 37.5756046)
104881	삼청동주민센터	(126.9822342, 37.5846447)
196590	사우디대사관앞.경남빌라	(126.9850163, 37.5840469)
98024	종묘.세운상가	(126.9941908, 37.5703033)
125982	사우디대사관	(126.9852430, 37.5840308)
125970	원서고개	(126.9876895, 37.5831237)
81439	활터앞	(126.9652670, 37.5769106)
126007	종로문화센터	(126.9645954, 37.5747242)
151559	청계3가.관수교	(126.9938279, 37.5686694)
91325	서대문역사거리	(126.9669772, 37.5661942)
126013	월암공원	(126.9644142, 37.5714519)
92693	종로4가.종묘	(126.9947201, 37.5705061)
126006	한국사회과학자료원	(126.9641572, 37.5736662)
104612	효자동	(126.9705610, 37.5829938)
126015	서대문3번출구	(126.9664991, 37.5663882)
196637	종로4가. 종묘공원	(126.9949666, 37.5706974)
125969	빨래터.고희동미술관	(126.9890386, 37.5829911)
92687	종로4가.종묘	(126.9952959, 37.5706191)
126016	적십자병원후문앞	(126.9653298, 37.5674502)
104600	신교동	(126.9701167, 37.5831882)
126005	신학대학교총회본부	(126.9634959, 37.5740028)
104466	서대문.서울시교육청	(126.9644683, 37.5683618)
104516	박노수미술관	(126.9667377, 37.5810953)
126017	경희궁자이2.3단지	(126.9640660, 37.5687997)
104514	박노수미술관	(126.9666251, 37.5810493)
81456	금융연수원	(126.9817966, 37.5860195)
104407	넓은마당	(126.9629354, 37.5752413)
126018	영천시장	(126.9631245, 37.5697556)
80592	영천시장	(126.9630122, 37.5696915)
105118	청계4가.세운교	(126.9960220, 37.5688142)
126069	금융연수원	(126.9816401, 37.5867029)
126012	교남동새마을금고	(126.9623751, 37.5715601)
104627	경복고교	(126.9711780, 37.5850535)
104623	경복고교	(126.9708935, 37.5851592)
104950	감사원	(126.9852343, 37.5863374)
104954	감사원	(126.9855633, 37.5862952)
105150	원남동	(126.9973248, 37.5746550)
151607	혜화경찰서	(126.9974988, 37.5726561)
104377	천사유치원	(126.9618782, 37.5747364)
152856	종로5가입구. 혜화경찰서	(126.9975328, 37.5718004)
126011	대신중고	(126.9615906, 37.5726165)
104385	무악현대아파트후문	(126.9620353, 37.5764678)
126019	경희궁자이4단지	(126.9615416, 37.5712555)
126074	교육과정평가원	(126.9817890, 37.5874070)
104366	독립문	(126.9614958, 37.5712911)
105151	원남로터리	(126.9974954, 37.5762873)
91400	교남동주민센터	(126.9613248, 37.5721906)
196856	창경궁	(126.9964375, 37.5791977)
105125	창경궁.서울대학교병원	(126.9965717, 37.5793250)
105157	광장시장	(126.9977911, 37.5694239)
105138	창경궁.서울대학교병원	(126.9968608, 37.5788679)
196635	서울대치과대학	(126.9977399, 37.5774787)
196636	서울대치과대학	(126.9978426, 37.5774165)
104340	독립문초등학교	(126.9606120, 37.5737972)
126059	수성동계곡	(126.9643234, 37.5821104)
104862	삼청공원	(126.9816754, 37.5882711)
151458	원남동사거리	(126.9986915, 37.5757388)
125983	통일부	(126.9860559, 37.5875428)
92695	종로5가.광장시장	(126.9988485, 37.5707664)
125981	통일부	(126.9859754, 37.5876322)
92694	종로5가.광장시장	(126.9993338, 37.5708786)
126020	독립문역3번출구	(126.9597288, 37.5729965)
196638	서울대병원장례식장	(126.9972227, 37.5805920)
126076	서울대학교병원 현관. 암병원 현관	(126.9981831, 37.5790413)
98025	광장시장	(126.9996081, 37.5706827)
104669	청운중학교	(126.9723936, 37.5880556)
104593	경기상고	(126.9697903, 37.5871589)
104314	독립문역.서대문형무소역사관	(126.9592471, 37.5734428)
84500	독립문역	(126.9591783, 37.5735053)
104667	청운중학교	(126.9724473, 37.5882633)
126040	종로5가역	(127.0000602, 37.5707316)
111712	청계5가.광장시장	(126.9998394, 37.5694682)
126077	서울대어린이병원응급실. 갑상선센터	(126.9996545, 37.5782248)
104581	경기상고	(126.9693203, 37.5875783)
126037	연건동	(127.0005089, 37.5761326)
105203	이화동(이화장)	(127.0005655, 37.5761331)
105204	현대그룹빌딩	(127.0006824, 37.5758548)
196589	성균관대학교	(126.9899953, 37.5884506)
105159	명륜3가.성대입구	(126.9983937, 37.5827644)
80588	독립문역.한성과학고	(126.9572893, 37.5750204)
206690	종로5가.3번출구	(127.0020443, 37.5713520)
105238	종로5가.효제초등학교	(127.0021593, 37.5729208)
126041	효제초교.연동교회.김마리아활동터	(127.0022160, 37.5737593)
105241	종로5가.효제동.김상옥의거터	(127.0022405, 37.5744713)
196594	이화사거리	(127.0022381, 37.5754985)
125990	대학로입구.이화사거리	(127.0026952, 37.5760339)
105256	이화동(이화장)	(127.0031938, 37.5759931)
105259	이화동(이화장)	(127.0030314, 37.5762891)
81453	이화사거리	(127.0020306, 37.5766320)
196595	충신시장	(127.0054368, 37.5750389)
126036	이화사거리	(127.0020243, 37.5771005)
111800	충신동	(127.0062933, 37.5744784)
105316	충신동	(127.0062758, 37.5740908)
105231	방송통신대.이화장	(127.0020163, 37.5777041)
105248	방송통신대.이화장	(127.0024631, 37.5781584)
194392	동대문종합시장	(127.0048988, 37.5712229)
92696	종로6가.동대문종합시장	(127.0045394, 37.5710036)
105240	종로5가	(127.0022022, 37.5705514)
150985	종로중부새마을금고	(127.0066255, 37.5724719)
92697	종로6가.동대문종합시장	(127.0057266, 37.5711128)
194400	방송통신대앞	(127.0019784, 37.5788482)
105285	청계6가.동대문시장	(127.0029246, 37.5698547)
105369	동대문	(127.0083656, 37.5718648)
150984	청계6가.버들다리	(127.0080403, 37.5699338)
105230	혜화역.서울대병원입구	(127.0018576, 37.5811178)
105244	혜화역.마로니에공원	(127.0022526, 37.5812112)
196855	대학로	(127.0021533, 37.5818681)
125987	동대문역.2번출구	(127.0117261, 37.5719920)
125985	낙산공원	(127.0088750, 37.5804199)
80606	동대문(흥인지문)	(127.0125284, 37.5721069)
105232	혜화역1번출구	(127.0018944, 37.5834518)
126033	혜화역4번출구	(127.0014862, 37.5834934)
81457	성균관대학교앞	(126.9992584, 37.5832943)
194401	성대입구	(126.9989404, 37.5833727)
111697	명륜동2가.성균관대입구	(126.9994934, 37.5835035)
105523	동대문역.흥인지문	(127.0136904, 37.5724049)
196593	동묘역	(127.0142298, 37.5727067)
105577	청계7가.맑은내다리	(127.0130883, 37.5699941)
105215	혜화역.서울연극센터(장면총리가옥)	(127.0013527, 37.5841680)
105226	혜화역.동성중고(장면총리가옥)	(127.0017546, 37.5845949)
105684	종로구민회관.창신동두산아파트	(127.0155475, 37.5740873)
105677	창신초등학교	(127.0153300, 37.5768517)
125986	창신쌍용2단지.한성대후문	(127.0127014, 37.5813079)
111633	동묘역.롯데캐슬천지인	(127.0158069, 37.5741615)
196591	창신초교	(127.0157133, 37.5761160)
111408	동묘역앞	(127.0155905, 37.5716819)
105685	숭인1동주민센터	(127.0155611, 37.5773582)
105670	창신3동주민센터	(127.0152090, 37.5783104)
111634	숭인1동주민센터	(127.0154651, 37.5786369)
206235	혜화동로터리	(127.0007090, 37.5857394)
194402	성균관대학교	(126.9971838, 37.5851869)
111413	동묘역앞	(127.0159872, 37.5707841)
105211	혜화동로터리	(127.0010574, 37.5859316)
151977	혜화동로터리.여운형활동터	(127.0016436, 37.5861257)
126032	혜화우체국	(127.0006252, 37.5860811)
105702	쌍용아파트입구.창신역	(127.0149980, 37.5805792)
105693	창신쌍용1단지.종로센트레빌아파트	(127.0155780, 37.5803768)
105770	종로센트레빌아파트	(127.0157133, 37.5804230)
80607	동묘앞	(127.0178389, 37.5737369)
105655	명신초.삼선푸르지오.힐스테이트	(127.0145356, 37.5821612)
98026	동묘.숭인동도깨비시장	(127.0180118, 37.5735041)
194399	혜화초등학교	(126.9998962, 37.5872553)
80608	동묘앞	(127.0185739, 37.5738061)
105737	청룡사.보문파크뷰자이아파트	(127.0171687, 37.5799486)
105761	청룡사.보문파크뷰자이아파트	(127.0170763, 37.5800920)
105806	청계8가.영도교	(127.0181249, 37.5709190)
126043	혜화초등학교	(126.9999376, 37.5875440)
105697	종로센트레빌후문.e편한세상보문아파트	(127.0162386, 37.5818060)
80609	동묘앞	(127.0196097, 37.5742382)
194403	명륜새마을금고	(126.9967190, 37.5877600)
105129	새마을금고	(126.9965602, 37.5877857)
105132	새마을금고	(126.9965818, 37.5878579)
197807	숭인동	(127.0202099, 37.5742251)
105100	명륜시장.성대후문	(126.9953158, 37.5885410)
126031	서울국제고등학교	(126.9973567, 37.5891800)
126044	서울국제고등학교	(126.9972092, 37.5892058)
105102	명륜시장.성대후문	(126.9952221, 37.5887744)
105173	국민생활관	(126.9992860, 37.5897009)
105174	국민생활관	(126.9988771, 37.5897966)
193687	청계8가.황학교	(127.0225458, 37.5721991)
105991	신설동로터리	(127.0227279, 37.5755885)
167022	신설동로터리.신한은행앞.서울풍물시장	(127.0231291, 37.5743394)
98027	서울풍물시장	(127.0231762, 37.5733396)
105088	양현관	(126.9937935, 37.5897624)
105087	양현관	(126.9936574, 37.5897793)
105077	샘미용실	(126.9933092, 37.5904071)
105074	샘미용실	(126.9932415, 37.5903885)
80547	독립문역.한성과학고	(126.9561541, 37.5760556)
104443	부암동주민센터.무계원	(126.9641534, 37.5927591)
196649	부암동주민센터.무계원	(126.9637768, 37.5929721)
104476	부암동주민센터.무계원	(126.9651499, 37.5927588)
104530	자하문고개.윤동주문학관	(126.9671166, 37.5921994)
104536	자하문고개.윤동주문학관	(126.9672509, 37.5923087)
125980	성대후문.와룡공원	(126.9900418, 37.5891988)
105068	명륜3가종점	(126.9928711, 37.5909890)
196588	서울성곽.성대후문	(126.9896785, 37.5892678)
152640	부암슈퍼	(126.9637845, 37.5948643)
104449	자하문터널입구.석파정	(126.9639558, 37.5955776)
104438	자하문터널입구.석파정	(126.9636267, 37.5956288)
194408	하림각	(126.9629525, 37.5977043)
104402	하림각	(126.9623224, 37.5982304)
104371	하림각	(126.9618137, 37.5981628)
152641	세검정교회	(126.9599508, 37.5993899)
193384	상명대입구.세검정교회	(126.9597683, 37.5994784)
104310	상명대입구.세검정교회	(126.9591886, 37.5996355)
104287	상명대입구.석파랑	(126.9585907, 37.5994680)
193385	상명대입구.석파랑	(126.9581111, 37.5997521)
104299	세검정.상명대	(126.9589263, 37.6005792)
152644	상명대입구	(126.9573852, 37.5998358)
104290	세검정.상명대	(126.9585405, 37.6006389)
152635	상명대입구	(126.9569747, 37.6000394)
104344	세검정초등학교	(126.9613049, 37.6021860)
104354	세검정초등학교	(126.9612431, 37.6025549)
152645	상명초등학교	(126.9568147, 37.6009571)
81461	상명초등학교	(126.9567238, 37.6009743)
152632	경진빌라	(126.9579445, 37.6019582)
152647	경진빌라	(126.9578648, 37.6019935)
104436	화정박물관	(126.9647942, 37.6045503)
152633	서교빌라	(126.9571962, 37.6020237)
196648	엄마분식	(126.9557459, 37.6012630)
104419	갑을씨티텔앞	(126.9634940, 37.6043947)
196640	화정박물관	(126.9656953, 37.6049096)
196641	화정박물관	(126.9649708, 37.6048852)
126022	화정박물관	(126.9651732, 37.6049861)
152626	세검초등학교	(126.9614794, 37.6042959)
167212	상명대정문	(126.9550638, 37.6014462)
104495	평창파출소	(126.9661190, 37.6053908)
104348	국민은행세검정지점	(126.9610477, 37.6043913)
126021	평창파출소	(126.9668394, 37.6057125)
104509	서울예술고등학교.평창동주민센터	(126.9675970, 37.6058002)
152648	완성빌라	(126.9576298, 37.6034151)
104356	국민은행세검정지점	(126.9612574, 37.6047896)
152631	완성빌라	(126.9575042, 37.6034861)
194406	국민은행.세검정지점	(126.9608945, 37.6048224)
104592	예능교회	(126.9700669, 37.6065516)
196645	상명대후문	(126.9574392, 37.6040892)
104585	평창동주민센터	(126.9695224, 37.6066189)
196644	상명대후문	(126.9573141, 37.6041241)
196643	청구빌라	(126.9570138, 37.6045449)
152650	산정빌라	(126.9575921, 37.6053069)
152630	산정빌라	(126.9575019, 37.6052791)
126023	오거리	(126.9624160, 37.6069893)
104678	벽산평창힐스아파트	(126.9728977, 37.6082432)
104672	일성아파트	(126.9729229, 37.6088831)
104754	롯데아파트	(126.9766078, 37.6102486)
104748	롯데아파트	(126.9764916, 37.6104639)
104595	힐탑	(126.9690450, 37.6116696)
104608	감나무골공원	(126.9699400, 37.6124793)
126025	EN 갤러리	(126.9706294, 37.6134134)
80178	평창동삼성아파트	(126.9787026, 37.6111227)
104643	무애사	(126.9719232, 37.6140464)
104549	화인빌라	(126.9684489, 37.6130069)
126026	참샘골공원	(126.9743279, 37.6146259)
126030	김종영미술관	(126.9781858, 37.6132988)
104840	지구촌교회	(126.9792530, 37.6131188)
81443	아름다운실버	(126.9654385, 37.6120075)
126024	박종화고택입구	(126.9677504, 37.6143794)
104439	언덕앞	(126.9637588, 37.6089833)
104498	보현산신각	(126.9657569, 37.6135601)
104469	소나무집	(126.9640430, 37.6113645)
104805	연화정사	(126.9795256, 37.6147250)
126029	보현빌라	(126.9784627, 37.6154186)
104738	밀알기도원	(126.9757403, 37.6165303)
104882	형제봉입구	(126.9818169, 37.6128165)
104388	청련사입구	(126.9623676, 37.6080340)
196599	김창열.윤명로화실	(126.9786089, 37.6163209)
126028	감람산기도원	(126.9799281, 37.6159358)
126027	평창공원지킴터 입구	(126.9770775, 37.6173168)
104307	구기동	(126.9590739, 37.6070680)
152629	마트앞	(126.9588060, 37.6067863)
104283	구기동	(126.9585192, 37.6070451)
81459	문방구	(126.9580306, 37.6063470)
81460	문방구	(126.9579873, 37.6062024)
196642	인왕빌딩	(126.9575421, 37.6080817)
194407	구기터널입구	(126.9567469, 37.6082549)
111372	구기동현대빌라	(126.9566143, 37.6096413)
111539	구기터널.삼성출판박물관	(126.9564284, 37.6083512)
104224	구기동현대빌라	(126.9564718, 37.6101086)
104215	구기터널.삼성출판박물관	(126.9562208, 37.6086196)
111371	승가사입구	(126.9564642, 37.6114690)
104217	승가사입구	(126.9563374, 37.6116211)
111370	이북오도청	(126.9562352, 37.6124582)
